,Categorie,predict,pourc,predict2,pourc2,predict3,pourc3
0,10,10,0.45746388443017655,2705,0.1926163723916533,2280,0.15248796147672553
1,40,40,0.4940239043824701,2905,0.09561752988047809,50,0.055776892430278883
2,50,50,0.3898809523809524,1300,0.19047619047619047,2462,0.0744047619047619
3,60,60,0.7530120481927711,50,0.10843373493975904,2522,0.03614457831325301
4,1140,1140,0.6460674157303371,2060,0.03932584269662921,1280,0.03745318352059925
5,1160,1160,0.9178255372945638,2403,0.029077117572692796,2462,0.018963337547408345
6,1180,1180,0.477124183006536,1140,0.1111111111111111,1280,0.08496732026143791
7,1280,1280,0.32854209445585214,1300,0.22484599589322382,1140,0.09240246406570841
8,1281,1281,0.2222222222222222,2403,0.13285024154589373,1280,0.1280193236714976
9,1300,1300,0.8364717542120912,50,0.044598612487611496,2060,0.01684836471754212
10,1301,1301,0.6024844720496895,2522,0.09316770186335403,2060,0.043478260869565216
11,1302,1302,0.42771084337349397,1300,0.12650602409638553,1280,0.06827309236947791
12,1320,1320,0.3194444444444444,2060,0.09876543209876543,1280,0.07716049382716049
13,1560,1560,0.4827586206896552,2060,0.15270935960591134,2522,0.06403940886699508
14,1920,1920,0.7828106852497096,1560,0.05110336817653891,2060,0.04878048780487805
15,1940,1940,0.7204968944099379,2522,0.062111801242236024,2060,0.055900621118012424
16,2060,2060,0.5435435435435435,1920,0.07007007007007007,1300,0.055055055055055056
17,2220,2220,0.509090909090909,2060,0.09090909090909091,1320,0.06060606060606061
18,2280,2280,0.7993697478991597,2403,0.09873949579831932,10,0.037815126050420166
19,2403,2403,0.7089005235602094,2280,0.12984293193717278,10,0.05863874345549738
20,2462,2462,0.6126760563380281,2403,0.12323943661971831,40,0.08450704225352113
21,2522,2522,0.6933867735470942,2403,0.04609218436873747,50,0.03507014028056112
22,2582,2582,0.3108108108108108,2060,0.1833976833976834,1560,0.11196911196911197
23,2583,2583,0.7433888344760039,1300,0.06562193927522038,2522,0.039177277179236046
24,2585,1300,0.2545090180360721,2585,0.23847695390781562,2583,0.11222444889779559
25,2705,2705,0.5615942028985508,10,0.21195652173913043,2280,0.09239130434782608
26,2905,2905,0.7586206896551724,2705,0.07471264367816093,40,0.040229885057471264
